1,expert,43.470146579966446,6.920534096568952,-1.9231508413922545
1,special,39.08394284302121,28.223471049889262,-2.146853636625847
2,expert,33.653124397996606,25.102351949822612,-2.962496428448413
2,special,65.84393625937622,-2.8761803785199493,1.4713200259244257
3,expert,35.07230591867501,25.754282568173856,-3.3734989669447577
4,expert,37.993513767814484,28.09520043965344,-3.2192993446192353
4,special,69.18161810645928,4.951125993463081,0.03451307877242605
5,expert,36.083780986253345,27.389533981924785,-2.589460580629777
7,expert,60.84355246787404,9.355287969662752,1.0522690568804276
7,special,36.289631217121624,32.66163475401301,-1.1068683401824246
8,expert,32.42977273637867,26.679942634193356,-1.972419711232346
8,special,54.947797745252316,8.54776685236045,-1.3924685674335986
9,expert,33.79212746808156,22.97206972544738,-2.3374950125583127
9,special,54.828167215810865,5.782041490919255,0.8427582904883807
10,expert,33.01712271553678,23.791971622093033,-1.6060314830395015
10,special,49.4676496029226,13.989320261463396,-0.8816796041926848
11,expert,41.26618277093196,15.764616946498332,-0.41191249198185265
11,special,51.97650157641239,15.646081087047392,0.07576186269638865
12,expert,27.622618459408653,24.829676932731175,-0.9921997855379178
13,expert,49.12510687725593,17.186098538632535,-1.2957066255189156
14,expert,62.809201047954986,-8.589373663923016,0.28443393735448197
14,special,41.05681980373408,17.741946835348564,-0.27365812527175176
15,expert,47.347999324529766,16.782319870828434,-0.7484080043454507
15,special,34.84289475660506,27.96350062706964,-1.6665090264543525
16,expert,30.444551362211325,19.621496381842572,-1.8518010672755751
17,expert,31.855170125134997,29.19458735843336,-1.5363258859329032
17,special,41.453026936694634,26.77683002428706,-0.13149968002174792
18,expert,31.451006579493857,23.033067091718316,-1.7427413211007114
19,expert,39.153882767250934,13.620731438085587,0.054803860635953654
20,expert,45.15042726452346,17.316283253516442,-0.6776896752614973
20,special,40.82333235614621,18.512396824865583,-0.9340652161993607
21,expert,34.22704342972805,25.86266344666842,-1.94752315723085
21,special,43.58127116986516,16.1662973571027,0.4123383742879114
22,expert,32.816593495934974,21.008174096965543,-1.5271181077745908
22,special,33.5545625663851,21.438444443813815,-1.9082328431911033
24,expert,31.71814398372641,23.78025775992294,-2.469600042051024
24,special,36.159236996790256,26.049687733172956,-0.9964925578787595
25,expert,44.96310036913697,10.064873375098722,-1.7610061259203296
25,special,42.703709961635944,24.225589894926866,-1.8649327071325092
26,expert,39.930972976376616,14.552240929796518,-1.0340602148706879
26,special,31.80529560108436,29.255839711521865,-1.6616321735232409
27,expert,28.932736321857828,23.641787355198513,-1.0069132416484408
27,special,41.673941221451194,21.985060535350353,-0.19805686205058962
28,expert,31.75710726953983,29.05095207910892,-1.8594081726557694
28,special,49.33209882669886,12.437664347318007,-0.8890368214242447
29,expert,49.55365302356697,3.9820571170244015,-1.8917683895141624
29,special,32.10799418034863,22.23421397693335,-1.7154274828138256
30,expert,66.35091917154423,-2.938912263921612,0.6474927452228914
31,expert,44.58616987041361,20.66125429058043,-2.0951707284499173
32,expert,30.189730925718422,23.22335494506175,-2.757139641561956
32,special,33.06471807214025,27.82690646872204,-0.9434929970020282
33,expert,38.92311711651883,13.949244580641732,-1.068268148602813
34,expert,39.39756538033463,16.73566285899237,-1.3194296904267082
35,expert,36.211352292251554,12.289879541342723,-0.6694401624568835
35,special,30.053218320047122,26.2905068425745,-1.1794610361581286
36,expert,37.10911989189346,20.61989138548729,-3.349066913811988
36,special,44.39150395287263,14.2910529487619,-1.5302238352544564
37,expert,40.889707523938654,18.76582961294769,-1.5669054776354396
37,special,45.482813560503345,9.459910613547926,-2.9727231585198948
40,expert,39.18248193328196,13.753603133287926,0.0817119104233738
41,expert,31.927801777221585,29.756667861421434,-1.77051749307412
41,special,43.35844862615465,24.739057721011516,-1.5946914508359253
42,expert,31.266603935909554,22.626935836110594,-1.5301600256231218
42,special,44.1461504293933,11.231395325834304,-0.8515720276765735
43,expert,37.39554091375303,24.89621207409812,-1.8459455842947377
44,expert,25.694041878950546,23.965770540112093,-1.2983870221196339
44,special,36.61757544868455,22.365088681700488,-2.0426414100600363
45,expert,33.93392148287173,24.373905388508785,-1.5995276364148248
46,expert,30.580882533084733,25.978123002859466,-1.6165777652008857
47,expert,25.261389759258943,16.599993843419085,-2.0177631192324785
48,expert,33.72345606224075,22.26016556262378,-0.9228484489150945
49,expert,41.794379253011584,22.1224250253873,-3.2893647191144795
49,special,44.94614067896812,14.064730835382827,-1.598611825214923
50,expert,36.62633216338281,20.69563353146158,-1.5405377165499534
51,expert,48.826062602454584,8.146980593037604,-2.0996763278459656
52,expert,34.90137447724189,23.29869844550816,1.866481104775794
53,expert,30.222655488506987,26.745444865652676,-1.3007388729423257
53,special,30.456528135561637,27.186919633915654,-1.9353027239351392
54,expert,35.358255645634706,22.5692915498609,-0.44519015050290517
55,expert,64.29638215060584,-3.4973458811752187,1.711668226732987
55,special,56.18474246888701,-2.4699779714951378,2.413547227616626
56,expert,64.1416136026411,-4.912910763266886,0.32814791801683696
57,expert,39.66225878813689,23.39140262788256,-3.1862961971285766
58,expert,33.290759738992776,25.9609960726162,-0.8736929411459924
59,expert,61.62911447738248,-10.66226922459492,1.0590155019955951
59,special,60.73634750951851,-12.894809766336607,0.5879591266752069
60,expert,34.564788067386004,18.710852618186593,-1.1507513140433683
61,expert,38.53033304705654,16.598816640196812,-0.3506992575279865
62,expert,27.68560397418378,19.9798069583442,-0.41798759816470354
63,expert,38.062197135623194,29.970293942226093,-3.115483377287957
64,expert,34.67126587674843,21.853524001491945,-1.1881977409751792
65,expert,38.908023384522245,28.174169982479107,-1.4496483932782818
65,special,46.95785723865398,17.283563899136652,0.14043810830075987
66,expert,41.93936941025087,19.50344946844633,-1.6863605846051652
66,special,48.62874777203389,15.87713231091612,-0.5087683078653955
67,expert,36.94559280858969,22.17865300845485,0.20360996331452205
67,special,28.634951680298155,25.604896204524227,-1.0759734987746385
68,expert,30.381694347657668,27.844086436193443,-1.8834833883987763
69,expert,34.17124258039465,24.98518337038233,2.1855223679283644
69,special,30.478161645063597,23.485705686852608,0.0695579322990613
70,expert,61.315166640789066,4.2846182599939295,0.38579923208487427
70,special,36.6273472958098,33.20905502516343,1.0049431680903769
71,expert,46.177734662129645,14.321051192367985,0.24458356003547496
72,expert,36.45399533995429,25.079152602181868,-0.35535361624656425
73,expert,40.75776284953128,22.610037707216883,-3.261550590336224
74,expert,37.5949430725099,25.682990801056235,-2.0753293665556654
75,expert,33.11710890922233,29.42166269484109,-2.2783482037571314
76,expert,39.77717334429134,34.22078405727544,-3.0495241930686694
76,special,37.85424608111617,33.67775287654165,-1.4124424585884534
77,expert,35.7069375813468,21.20802910831959,-1.242297164518076
77,special,32.546764613635744,27.042590043390796,-0.6667256879424345
78,expert,29.539630096116106,27.062101434458,-1.9422254723922825
78,special,41.726612155287945,20.890352082052857,-0.04494491750078727
79,expert,31.602881645755478,22.532729486384408,-1.2056048638930923
79,special,30.737032673426533,27.353844090932206,-1.2223952037304127
80,expert,30.605556230231958,23.87721608149052,-1.5500870692432476
81,expert,32.89894438164961,29.016884782089484,-1.7865117556268375
82,expert,40.77694272632797,21.645453613208538,-1.026977804398223
83,expert,35.809778258899996,29.017768428304556,-3.421835314159794
83,special,36.24962980455149,30.24670586749054,-0.6450284812302359
84,expert,31.458972118165505,28.649368527748628,-1.83694383264024
85,expert,42.34654438818781,31.845920420184655,-3.206253653497886
85,special,44.50324243983316,23.979660840236846,-1.2838257154046924
86,expert,30.927994754402064,25.386253168394283,-0.2712455922312501
87,expert,49.01441438949461,7.8378218752776245,1.1289302338922742
87,special,42.858536456628066,11.932693962685525,-0.029859870137234373
88,expert,31.37816056320299,16.803061468724223,-1.002865415129803
89,expert,55.34857695868364,13.19924407109118,-7.642729080749304
89,special,55.64275854166768,12.987131925065679,-7.674855413606896
90,expert,44.91252095390211,10.719272442400802,-0.16960758644796187
91,expert,31.646112895232534,29.263177885003284,-1.5311834280960526
92,expert,37.601107753845106,17.651616237767723,-0.8491316710650145
93,expert,38.17710613923999,26.73816325683119,-2.9120844649505733
94,expert,34.257327694237794,30.355777233712548,-0.1529748088553592
95,expert,44.76218353163561,21.93661849832214,-1.195474717910689
96,expert,45.74729627767369,20.87269237251773,-4.127535594437013
96,special,47.280366402244,16.80810757565236,-0.8397246426359052
97,expert,39.85266981451136,20.228699764195913,-0.9742354715095567
97,special,31.378660676178104,27.05992403363276,-1.2205107647265692
100,expert,33.30374655029764,23.774972456739444,0.17298835668775375
101,expert,40.51095565646735,18.456926061855835,-0.8673140581668117
104,expert,39.17342942111109,19.806849082035047,-1.2624083901102883
105,expert,38.22265402175286,17.323401555455177,-1.0352161374562225
105,special,44.233226548254834,3.311687179111237,-2.8585421401656745
106,expert,35.52966068089298,21.138831490904643,-0.49730706847569284
106,special,33.34429428183568,29.460325331032198,-1.4143896431686078
107,expert,32.71493418483323,22.959620501770186,-2.9115541671148515
108,expert,38.04952360447541,33.141954103574925,-2.4910589082742405
108,special,37.142601158852756,28.901926936926724,-0.07891560712408231
109,expert,46.0440096188414,23.20116139732587,1.0185652757301396
109,special,43.870547013180875,21.898340029938435,-0.34101499093792115
110,expert,37.45829505887817,27.566770561333172,-2.146923405962561
111,expert,26.410221778194998,19.362268841285406,0.07750301989572973
112,expert,36.49696788936684,28.90960163352864,-2.0018072729117415
113,expert,36.258800161506905,23.883215351065992,-0.9319130056332373
115,expert,29.372265021287898,22.539728685612765,-1.1916235632181689
116,expert,34.33097495880953,25.06756598492709,-1.3637634917784416
116,special,32.39087209598477,27.234697704622437,0.29543827489467506
117,expert,43.562501019646,23.423584564721786,-4.302008929062731
117,special,34.75365831713767,22.41080978703455,-4.187672868870029
118,expert,34.78578525752262,29.175824995503024,-3.1037885117212274
119,expert,36.533637255473856,19.764464848162877,-0.922364183934237
120,expert,31.596141314540745,28.65018961036241,-0.507116947136879
120,special,52.92259535149558,10.72861087605464,-0.7276878307027567
121,expert,61.51565492462615,3.4189558039763415,-0.80058483617983
122,expert,44.063417887930626,14.683275748918355,-2.2311825576818562
123,expert,35.822315617043714,16.962465278057664,-0.4485026274514418
124,expert,31.49258308647599,27.426960514034533,-1.2659636115420012
125,expert,35.214474646181976,24.324894886176878,-1.8373263084108353
125,special,44.88706765787985,10.337917205612166,-1.1155681284398085
126,expert,30.242730092878173,26.4532338290066,-1.8093813929257163
127,expert,31.170012637202227,27.924547477905804,-1.0507589847104217
128,expert,37.260228770610205,30.360304306973493,-2.8743148084512153
128,special,59.01391446974983,9.349362384738496,-1.2176190280154013
129,expert,46.84691887930241,12.771759113231072,-0.14561329515373453
130,expert,36.47405864289985,24.15821463192013,-0.9385481440033441
131,expert,47.12395736311495,20.487821889050455,-4.7220842686881435
132,expert,36.374340222373306,33.36471507895651,-1.4561888929469298
132,special,52.85559990744889,9.953990351827604,0.625380675198597
133,expert,30.666495231466783,27.785296251490763,-1.1206564455756316
134,expert,32.81687170158933,28.384754555680743,-0.17223693757222988
135,expert,35.61786024296822,29.310910594558862,-1.1186377139712704
135,special,39.999722427642254,21.236756877923746,-0.21593219402241132
136,expert,34.85036526400767,31.766979171980434,-1.6791183734857063
136,special,41.30154972152901,27.037598743763137,-0.6820160255616501
137,expert,38.7258688459279,16.070917251111393,0.34593379052348033
137,special,35.7612628345543,21.429052606719488,0.8909446273127927
138,expert,37.919908489051025,25.242071337392716,-1.5412225143893747
139,expert,34.4952619978657,23.433645966540563,-0.7961994999947951
140,expert,38.35917303132751,33.53464906498933,-1.8389197048397603
140,special,35.55718083351758,25.087635437525968,-1.114636812055651
141,expert,44.242756192289875,24.692964092248797,-5.306851127939595
141,special,45.64864337977815,25.542248031973866,-4.324475125043379
142,expert,35.75536268893723,27.49765117286008,-1.6057809893818238
143,expert,33.319780710348454,25.079593328325906,-1.2334808586900325
144,expert,38.0141072741326,19.94747673332744,-1.2297744348183075
145,expert,38.502553957911076,18.345042038400837,-0.49394512446870753
145,special,36.581054145756625,16.338878150976292,-0.9401020451341716
146,expert,33.3373300049937,24.062432334231037,-1.5618814384618542
146,special,48.49207499962978,4.611864175668896,-1.2785220288792998
147,expert,54.40868488080215,-3.743507453498608,2.267140237166547
148,expert,37.3031640016913,31.459923597070834,-1.4751552212101604
148,special,37.9029352060192,30.9926256795308,-0.9970392359678614
149,expert,37.97324192900646,29.487632640895647,-2.659421924348505
149,special,50.55956814866495,18.019268207950972,-0.5495864299857122
150,expert,32.655719675334296,20.65369931627453,-0.8835111346355936
151,expert,33.75804665187443,29.331788122936334,-1.2128024450153516
152,expert,34.68757274688843,24.6859427751379,-1.745610526370174
153,expert,38.225448134058034,29.884645896008955,-2.2402026472665546
154,expert,47.72939756312506,17.79772328021873,-1.1564945702631229
155,expert,33.5267198389364,21.898491226948607,-2.7745221766496293
156,expert,29.30931479760384,23.611949095924828,-0.7250221109411594
157,expert,45.537799203027504,16.714698340139254,-1.7176435628052507
158,expert,32.36667567901238,22.484061915377453,-2.945841410914943
158,special,34.63157760319798,24.971642049672994,-1.4192837522391908
159,expert,36.36371262342718,26.776562328307744,-2.220728548693609
160,expert,36.43585681280061,26.31582091838021,-1.3021279018399916
160,special,44.63299776721121,22.284969586837622,-0.6676090201890824
161,expert,34.67481291693152,21.41481403807205,-0.6269303265468154
162,expert,36.46466483146116,11.349075755139628,0.17582548866124664
163,expert,31.79843627754321,29.931616125126485,-1.6729863230887938
163,special,30.476270761220043,27.66170971239221,-1.7819425039084684
164,expert,40.8374576434287,21.75519052709782,-0.7700993447217033
165,expert,40.0266514621239,20.199710610488687,-0.66270978551264
166,expert,40.324409948555534,23.515721537804655,-0.9828191059360626
166,special,35.365652066886824,21.59490119894133,-1.1321057342085508
167,expert,34.61199338964728,27.543190623792906,-1.946564674895565
168,expert,29.631524844382056,20.254210996724463,-1.7221210751623683
169,expert,36.90386952331651,26.610261432105712,-1.325642857404774
170,expert,37.7540187627328,16.80603928969769,-0.8482624421325409
171,expert,39.78032376257209,22.682186349346246,-3.76080673190017
172,expert,34.881057224270776,32.46529036296791,-2.6902936649040843
172,special,35.455385792644535,30.156994204111317,-1.9322534680015455
173,expert,32.38126149627265,28.446567391902207,-1.11279305719366
174,expert,41.034676950472736,21.602799495467035,-0.2534362743956623
175,expert,59.04067006793804,15.186825559343077,-1.291996502346903
176,expert,51.56178552213804,9.921159555006106,-0.5716707601995404
177,expert,39.69821527388354,21.39822706188142,-0.6919023168907081
178,expert,57.148628832695316,2.74762656047426,-2.514405478350747
179,expert,37.02707298596968,29.188631490989597,-1.9011781352957249
180,expert,45.92088623385423,15.450441577895848,-0.9461087059662798
181,expert,37.584942545959066,17.35564316179926,-2.1799589954275875
182,expert,31.22109887941116,29.784271408194495,-1.7485472767173238
183,expert,36.170573351144334,30.718405661900547,-2.13653216705625
184,expert,54.18959528410255,10.141304795089994,-0.6998794723482159
184,special,67.30426937346822,-3.890087513180673,1.716496419884194
185,expert,36.63480068580804,23.574184967546714,-2.0479263806976027
185,special,37.92612089379623,26.135093357294465,-0.7100058120694185
186,expert,45.57945854104206,17.004581242592973,-0.18132978967376398
187,expert,35.84463668793543,32.04291845175784,-0.7411563734044405
187,special,51.49358564422291,20.688883202449276,-0.8072876842029448
188,expert,39.372677076779595,22.344984242868595,-0.7588861119164301
189,expert,41.95345740936804,20.619167657017343,-1.395357439746699
190,expert,32.3734264885232,27.078676074294446,-1.0522308143396448
191,expert,36.597003687812744,20.6603466625657,-1.4910614077001743
192,expert,30.84043973518254,24.0057790376638,-2.460684662862169
193,expert,37.49851048289666,18.62920313171757,-1.104361952024134
194,expert,32.0963647621039,26.94060713676676,0.06605332259698823
195,expert,34.597158016627496,25.85445477395063,-2.0625146480348704
196,expert,42.92246622991843,22.295542623634578,-2.058585416916448
197,expert,42.94047680639438,21.565543994715057,-3.316854396843187
198,expert,39.35846664306893,17.312668793122526,-1.780144777774075
199,expert,44.26848212653461,16.734965530661526,-0.286290911626669
200,expert,36.8134191054223,21.599801317927227,-0.6765316600574105
201,expert,34.95956700509847,23.169449079624435,-1.3081265844602519
202,expert,45.64750058481593,13.324951931388185,1.453591541842575
203,expert,34.613087510158124,29.337946749757513,-1.0852461066411985
204,expert,41.74808358790783,21.99402513616221,-3.3476966211987356
205,expert,37.7128238110176,17.86878415047743,-0.9638633124775489
206,expert,30.11731022638798,26.489069852965137,-0.86673514715022
206,special,36.5824719972763,12.186523626033187,-0.9346318602796496
207,expert,42.36021460062859,23.623328063817443,-0.729434811933398
208,expert,37.56829024389526,23.839271249897443,-0.3467416275733449
209,expert,34.621528098200216,27.235762799428954,-1.8438569433601941
210,expert,38.77342121120876,25.857989226363486,-0.384176913551246
211,expert,43.095344977200945,13.54728111165246,-1.6327135439842153
212,expert,39.64681544828185,17.42593668180683,-1.0756045546229673
213,expert,35.95196075138779,22.927811194677915,-0.7038322765171315
214,expert,33.43694460522175,24.962801985155167,-1.0825271809631323
215,expert,40.85350558000522,25.871649888903796,-3.9092751139513617
217,expert,61.51282015238381,26.168849193465785,-2.2577809564436513
218,expert,35.02617573347618,27.02495887209511,-3.11881140720859
219,expert,36.82765769321787,23.69629195466109,-0.5779107807732277
220,expert,56.251396132163215,7.704292131049933,-1.5666574539129068
221,expert,47.30018486410324,9.737144109434785,-0.4697762013400453
222,expert,31.01782129228636,30.402607790447455,-2.786377610703801
222,special,43.16368376567697,12.86952878935705,-2.4078563441514325
223,expert,76.78315196425963,24.161845962455835,-1.20280620440512
224,expert,34.315425748327534,27.907199898067944,-0.6848259686741903
224,special,45.356066792349566,19.57430869606399,-0.3211428563288109
225,expert,37.538764474547044,18.68570669389383,-1.3196161824850234
226,expert,35.303442868472565,24.799224714218553,0.13063338765918953
227,expert,37.88834323462791,28.058044419079113,-2.2158550428021724
228,expert,32.319404046553686,12.066202895218241,0.1826261628142307
229,expert,63.939083799701805,28.32216295289473,-1.595525137564336
230,expert,35.5470548025173,19.433434672897157,-1.5228444735924922
231,expert,28.944302820224827,26.33433034030812,-0.7318110161102466
231,special,30.724444410104308,27.523199222953462,0.014515805835633687
232,expert,35.627568552334964,26.09085619111622,-3.0434725729327186
233,expert,47.15806110355203,21.53977073860403,1.2815246331368173
233,special,52.60932689918386,17.739134472743462,-0.5375511526234946
234,expert,28.76688074539726,24.16264873789862,-0.31944613652670756
235,expert,61.44099569254667,32.7124576056212,-0.48690009921608307
236,expert,32.65266437952324,22.835246550020607,-1.9324930903423234
237,expert,35.687826717425565,29.02522724446259,0.3180679965706342
238,expert,34.16652928572791,24.671764627027247,-0.24054114753652397
238,special,37.1749838402866,15.852320052322993,-0.778998409118733
239,expert,37.94480636291233,15.550579524471976,-2.0242657157161985
240,expert,33.11550754828864,30.970369751740282,-1.515012957848434
241,expert,39.633086918461856,25.964321046566084,-0.579555581720024
242,expert,38.32608671379614,25.650800259127706,-1.6226945133570276
243,expert,70.78914408885034,36.52609328927266,-0.5064676300387067
244,expert,36.05132597430576,21.28400682150764,-1.6537419733305678
245,expert,44.60820879327956,23.61613532803476,-1.7713755148526504
246,expert,35.08179492368104,18.218996349211316,-0.7732176470180421
247,expert,43.37836759843504,22.256280253970658,-0.9362846996689899
247,special,39.97444097748208,27.581487618262834,-1.2098267535772038
248,expert,45.90021263259976,15.31616006148242,-1.212595057862983
249,expert,66.26102362233296,29.70914425435761,-1.7081598196599
250,expert,49.92020987304775,15.225464473754123,-0.9769336821022585
251,expert,37.21822790529464,27.15094458138723,-0.3734823885506507
252,expert,35.05183885069694,30.40857842997238,-1.1190457075241165
253,expert,47.23833524464838,16.188642893183268,-0.5880987182424606
253,special,34.11025415480094,30.36883252498814,-1.140131699737238
254,expert,42.67742770149289,15.882666896105636,-0.539270601046909
254,special,32.87724112208895,26.94364082758474,-0.953142268772783
255,expert,58.378365059868784,6.924254315295952,-0.47829463988127874
255,special,61.46342666734036,7.114448203542649,-0.7249378527520242
256,expert,35.53145168519929,21.040984006320745,-1.3086236752240978
257,expert,34.80846839030769,24.148011121051084,2.0949960999282924
257,special,33.30362144043561,28.177153807308226,1.8886938106928726
258,expert,32.991179330240506,31.071603780630767,-1.2498728831715844
259,expert,42.886337640715425,17.17428633932895,-1.0371391498757994
260,expert,41.75006966143234,21.22981154257578,0.9307670639905278
261,expert,36.56114250078743,22.856916214976778,-0.404522462120825
262,expert,53.189165707434796,7.103674623224234,1.096778737501575
263,expert,39.41895619865817,24.10693657004493,-1.3932528354944722
263,special,51.66932529129781,4.055922306570843,-2.2805218101925284
264,expert,33.84872009286324,15.213754573438074,0.3691004995304346
265,expert,30.371386885191892,26.13171397823397,-1.424443440044263
266,expert,36.76349989119082,25.78649755447018,-0.33215017844409794
267,expert,57.126901677648476,10.263535595066886,-1.4379044346126855
268,expert,46.74743828478444,15.378238585739963,-1.2048137326789483
269,expert,33.21361198315785,28.327520505984868,-0.11451231762254205
269,special,35.44391780097395,17.896537800317663,-0.766763288631147
270,expert,56.37502723740045,6.065055268195686,-0.5036602553633063
271,expert,34.295574082903535,29.900808743643854,-2.1197717982743653
272,expert,42.1035023036681,16.18523851811263,-1.7756654778048175
272,special,30.151495194885676,21.233602472553432,-1.7910995851468297
273,expert,35.48379674407154,18.91610849513602,-1.0917146897336123
274,expert,35.713472890214916,18.47949492277487,-0.7772847087545915
275,expert,51.97715907476406,5.725285496451181,-1.0903876312409027
276,expert,44.24628329461665,18.01595809367643,-7.328407315591226
277,expert,30.340290685671583,23.170392973696607,-2.4247481152347308
278,expert,47.15225478246626,16.58337154730616,-0.9025901155901023
279,expert,40.522393253198345,32.853821258461,-2.2143156278231624
279,special,51.78727162864518,19.64842145327965,-0.13023993440612336
280,expert,40.785530794878,10.65001493774505,-1.237512258793904
281,expert,32.27934837482314,28.583366666707928,-1.5544912563391788
282,expert,31.550559729268013,28.87388318808916,-1.2283179182048038
283,expert,51.03145697352757,23.297162346311108,-0.5346726273967225
284,expert,34.744598948088665,28.74839441599918,0.9714580578854224
285,expert,36.17697242410783,25.528328882443546,-1.5670093566572554
286,expert,34.5091370682164,29.85427873856005,-2.1378940803851987
287,expert,28.391706917342503,24.795580892648143,-0.11655560912274614
288,expert,32.29525354185612,26.66582320894478,-1.4037468181020327
289,expert,47.450231140579056,16.543277322534365,-1.0602688794581894
290,expert,35.40595562760086,27.232674517353516,-0.684567017682897
291,expert,55.0895676724176,12.57960962166413,0.28201295079225586
292,expert,53.833177359221224,16.86511752055724,-0.24173156115900105
292,special,54.07407705878504,19.70372689098144,3.0561953055277646
293,expert,33.68054639630971,31.11815846236859,-1.912164625268805
294,expert,41.029540566253324,15.066863375824052,-0.8645825112231275
295,expert,35.78037053454524,32.69782331786551,-1.8308712465748433
296,expert,41.441342454037695,31.94149596238255,1.7800448413286913
296,special,41.33005615988384,34.172388171037774,-0.08395972702525023
297,expert,27.965290839868388,23.752061031157925,-0.5831145141479643
298,expert,30.65231408186847,23.810448850697437,-0.3592601824148088
299,expert,35.151913759701216,31.20868842021679,-1.5491144026229322
300,expert,47.30016642908574,10.576037906063531,-0.5107183848222713
301,expert,32.80143854109627,30.79653335921303,-1.1368032975669684
302,expert,28.907131371778856,26.914386888692285,-1.6092336673057297
303,expert,36.48259057528048,21.700091262677375,-0.22806097927878297
304,expert,49.988734850661295,16.001272965479654,1.1334084562698754
304,special,50.95390375964591,19.62398816564379,1.9505378316330078
305,expert,33.23388998885088,27.98960176914714,-1.4767835794145854
306,expert,51.624219089669076,11.479704971700295,-0.9313008057001122
306,special,49.54444962500147,9.134365468932245,-1.9996770144402212
307,expert,31.18617323192465,24.960276589271444,-1.102564348987168
307,special,44.27631132645382,15.766665339554704,-0.29619344326782393
308,expert,43.64276364929854,21.944314792494033,-1.1506192133841584
309,expert,41.790814352240055,15.075794639841302,0.05682166887404766
310,expert,45.580416542424246,22.113842221564386,-1.6211703062001468
311,expert,32.11043161773708,29.264771285551365,-1.6326563577849207
312,expert,36.31310467463911,25.691907443556033,-2.1700971220843988
313,expert,31.636683026929433,25.290641057473625,-1.3518139793889676
314,expert,45.038150036692386,19.853453346589077,-0.9854422001900478
315,expert,47.363325239133175,13.329191549781957,-0.7388829614914877
316,expert,38.45533004551562,19.557454986950034,0.5899142059177054
317,expert,32.76301797506031,28.606386495172824,-0.844446776909914
318,expert,28.149748238901548,25.910542803506488,-1.2030539316520155
319,expert,34.32807082035631,29.99931166932927,-1.0735779781386259
320,expert,39.03939306732661,13.203878493038458,0.7350528453920354
321,expert,32.77465573205312,29.635722047682858,0.11884729884988923
321,special,34.81537016688299,19.33617456141801,0.227272348501314
322,expert,41.524944831362546,23.854397236194362,-1.1615663153234175
323,expert,47.507911995806694,15.729798023065088,-1.378887996337743
324,expert,30.092743492186447,27.65281500999295,-1.8319330524538082
325,expert,35.31948893101727,16.499279678309673,1.7531684166305321
326,expert,35.54181834327345,31.937132039448773,-1.304286728440892
327,expert,47.203909328906,10.69167994734967,-0.679181901951995
328,expert,48.70184675531661,14.13627027857095,-0.478692295551504
329,expert,61.301570502079066,5.605823931358585,-1.3262288963122195
330,expert,47.8766291428493,8.63176269140097,-1.496349410105813
331,expert,49.686921329774975,10.040343363772378,-0.5397814889018359
332,expert,48.40252872460417,20.241075199107947,-0.6846995951845195
333,expert,36.65370245782396,29.356154415842624,-1.8539412297534164
334,expert,38.44198561813544,17.125890655879065,1.4663408531357542
335,expert,38.7985364395388,23.19640385875869,-0.25673535909004075
336,expert,30.940893554041928,27.499445031137036,-1.5611544227005067
337,expert,38.337566048637875,28.616171284994287,-2.9007459902119264
338,expert,36.718121392086545,19.441207340851523,-0.520215211726468
339,expert,41.787355786357246,26.413963457851033,3.178694454918683
340,expert,35.49263123016033,18.75780956143879,-0.7896328754432891
341,expert,50.25171040918861,14.379328718791644,1.7380616472136332
342,expert,42.63876163474051,17.13178662550138,-1.1450894444271675
343,expert,32.03782356024363,27.625594816088366,-1.0401606536679002
344,expert,32.83011858797248,31.67776309684779,-1.8998945734833426
345,expert,46.52116555641279,20.503615156157398,-1.454361409807414
346,expert,32.10025620834897,23.564597746895867,-1.6003717945715321
347,expert,49.42010614738288,4.664510058540404,-0.05388589424359861
348,expert,41.31116296674564,18.658259890773095,0.5212623013026935
349,expert,57.0290003850675,7.28364629524491,-1.692724617209187
350,expert,37.68622266124452,16.866597237713666,-0.8832842381647265
351,expert,34.83927404093425,18.59714031551543,0.4444272225572551
352,expert,37.60915958644035,25.72771609954419,-1.1408891880705112
353,expert,39.291994196732134,27.920822570959324,-2.938028046421292
354,expert,51.08676563536219,11.266737492986167,-0.19166476250918424
355,expert,37.25263420670755,31.654974488655167,-0.3561746446418726
356,expert,40.04744989318225,24.56090281885298,-1.8498329373296465
357,expert,45.88030619156292,13.83644456388614,0.22098599420133733
358,expert,30.64433967811048,19.63608799753345,-0.9726794518977313
359,expert,42.10532377775354,29.62881939480911,-1.001246681619609
359,special,61.34424210825289,15.440357661241997,-0.8059788347722449
360,expert,54.00076065901334,5.274392181189187,-0.01893981902301651
361,expert,52.10416066271091,17.088747269040983,1.8770640507281589
362,expert,36.024440783798106,19.492517387037616,-0.9546302065263798
363,expert,32.37341025574407,25.842297786796046,-1.1515419971950303
364,expert,48.65351815792671,16.97497761972982,-1.04595829080473
365,expert,59.44790648146421,-5.66369046975656,1.4455737483566402
366,expert,37.51909818649633,5.49155687010953,-0.37599189995915516
367,expert,42.174368385721195,21.861699872652306,-2.9016305882502365
368,expert,35.31330735896861,28.49552834206888,-2.3050774414726694
369,expert,42.51370143470707,19.122423614913124,-0.17034180048608566
370,expert,36.58971675029736,24.27226572242534,2.3277056868211967
371,expert,34.92437045650823,29.465549232321905,-2.5270396480152293
372,expert,46.85651957463203,17.630979822957578,-0.7325347456827956
373,expert,27.86861617165327,25.79852418769094,-1.1976087942783578
374,expert,28.30431180849718,23.330963350451356,-0.9904829315236621
375,expert,28.038638066266945,15.454991731327919,-0.14372538738852234
376,expert,32.04348983573173,28.038645413429883,-1.3928955630835234
377,expert,30.511052549623205,25.561366227383694,-0.7054114478130761
378,expert,30.175278674285963,25.706054230794255,-1.183182471368884
379,expert,37.61656393679683,31.52008510073897,-0.7549803580858979
380,expert,33.67439784906223,28.371533570864546,-2.3899289116747733
381,expert,35.941351671701405,32.34516576458437,-2.2001371964641208
382,expert,46.40943001027774,18.182923325964232,2.723876730783704
383,expert,44.24568960956994,21.837730511372303,-0.3118360606400155
384,expert,48.35790941151808,20.314529147152474,2.8444367939716333
385,expert,41.438688606258616,20.136208081490604,-1.169474252357064
386,expert,25.41507278194349,21.7730806798597,0.0007537850037274193
387,expert,52.43223112264324,18.99558739967732,-1.6557733434713902
387,special,46.88807138378198,26.57875811595081,0.32292454484193456
388,expert,39.74707331131176,29.797027719776995,1.111216880158897
389,expert,52.86419432313884,13.799840871597864,-0.42709161171348736
390,expert,35.40968822503245,26.813383012059955,-2.6116072816348863
391,expert,64.74294251132318,-3.633089002462698,1.7248558229899402
392,expert,49.34731871465352,13.093774349104747,-0.21533462567295333
393,expert,38.51962194894543,26.776299627142368,0.4496407145130972
394,expert,38.86963426148786,30.206415485141694,-0.06674550473750282
395,expert,41.27870464140123,13.480767848354992,-1.489753037621247
396,expert,43.14266826489984,16.705185561612808,-0.7329283487063205
397,expert,47.60037784690903,25.459292493639392,-0.47355278997649447
398,expert,34.64984747436764,21.516823402286644,0.3563966401455485
399,expert,49.825882315254226,23.177721249968375,-0.41890739893826984
400,expert,44.81634995025579,24.655610280764733,-1.2054632718042313
401,expert,31.617180135417858,19.397708132672506,-1.0516397324223152
401,special,32.340393274113374,15.182387059405853,-0.7929513530457237
402,expert,38.79188663296389,19.007837843860923,-0.8928553755793419
403,expert,40.325154925970494,27.898334897668963,-1.5863212745115534
404,expert,51.993637660822564,20.325964736853837,-1.1786190903623661
405,expert,42.446057107532035,24.634864190429404,-1.0155945245772626
406,expert,39.716173581653486,29.37936152366787,-1.610919501718614
406,special,46.47800013318579,20.90331557467144,1.4746122920385516
407,expert,45.35480487883052,20.229136300566044,-0.014998635412642916
408,expert,41.263521897124534,20.799446487565906,-1.06993933030844
409,expert,42.68175453876486,31.09722661533082,-0.8024767642735038
410,expert,42.375466726793896,25.20372640392558,-1.3056694947731797
411,expert,40.93069951520059,20.300789758930364,-1.8146758289481095
412,expert,60.535928538502155,31.57898556419116,-0.2675755807632182
413,expert,45.93558064154947,20.710434585818998,-0.36376564729771466
414,expert,39.10187068273334,19.290217284250982,1.6171366386763741
415,expert,29.384696197529816,26.047322204375455,0.035442812374146176
416,expert,37.812149056823216,25.322539930122957,-1.1333888330072661
417,expert,33.7529717614566,18.232703707401736,-0.6966095278998687
418,expert,44.08192926878211,13.168709022423585,-0.839975010751247
419,expert,37.82264301027786,30.093690393747387,-2.5205601057939235
420,expert,37.65163034667094,23.673029690730548,-1.3507918360778897
421,expert,35.1114804296463,13.876751775585438,-1.0609965770659862
422,expert,36.26526486164636,24.516628163853433,-0.9239068622641748
423,expert,38.91862508974241,20.21750587859971,-0.9316602647946358
424,expert,41.21079016725538,14.728186787743205,-0.9133867799924412
425,expert,36.197427562435756,34.01054138387858,-2.4960899648908
426,expert,44.27873825187854,22.465904745551608,0.9533071934078293
427,expert,32.49796593022554,21.903002226970923,-0.718708454797142
428,expert,34.68326944555468,31.667263239236043,-1.9880320694299438
429,expert,40.570638930694386,36.92902568736837,0.840194048694306
430,expert,35.61552615776861,31.471540046718978,-1.8504996567288228
431,expert,57.84195322805192,17.460352690920566,0.7210159919163398
432,expert,57.12377243508613,12.188140549500936,-0.708011931079392
433,expert,53.131933012947364,2.780037626934638,-1.1968096718820758
434,expert,39.50014164619067,10.752725950559784,-0.5281461959714222
435,expert,45.28442861445352,16.520533741940564,-1.6969178127606441
436,expert,45.48434969393472,18.99826969784919,-1.2537612832886373
437,expert,28.821457579752785,21.89981281082141,-0.44421264906806296
438,expert,38.16790842709703,20.444839614255915,-0.34443239157767547
439,expert,37.76545368584532,23.98609671351599,-0.8010335361775638
440,expert,37.323424275668394,31.33862837976007,-0.4696817657172265
441,expert,61.77602531150564,3.396638188372626,-0.9278574216677642
442,expert,42.29950265426886,26.23414327453159,0.32792148274840055
443,expert,51.40065479786969,9.146836940479211,-1.663280147480846
444,expert,46.9453369807069,18.37389304070311,-0.30249344838299136
445,expert,43.14963349228402,21.4229552738456,0.0351271044292501
446,expert,37.07703349126557,25.80450352517754,-0.8785335048531763
447,expert,29.927187523785935,28.152514526370954,-2.025547028636116
448,expert,36.822966283530604,29.006393607402515,-1.8412301613796165
449,expert,43.8569374405755,10.740816224449208,-0.47130975593626034
450,expert,51.89025953659852,11.224002773895204,0.1816224705079546
451,expert,57.56516459913908,6.935019893820115,0.8498845033517505
452,expert,43.98650809694318,14.985746989820335,-1.8329922997082717
453,expert,60.27916032966185,6.830928755077213,0.6265250467112602
455,expert,54.7666361601131,19.4038641664104,0.09733224798755295
456,expert,70.7212403737254,-14.366744109814624,0.37173293544001956
457,expert,50.939116841944994,19.216895598770048,-0.6066970057078249
458,expert,41.16535085391516,28.36540550719481,-1.3697218271648346
459,expert,36.014058970372915,25.51224674339898,-2.198366161924287
460,expert,33.41346875073844,20.019446893012972,-0.7091650451724472
461,expert,52.76152414693723,8.2153409179593,-0.863224450676121
462,expert,32.12000637388921,28.351471288211346,-1.835381877750269
463,expert,31.33814419752376,28.35244771508302,-0.28496259395584317
464,expert,41.24635627582086,22.4875666793456,-1.444712732588206
465,expert,47.015646082254044,14.308918794202146,-0.6485342308769202
466,expert,37.638078507467455,33.200126781447835,1.3249480373543103
467,expert,35.6004929900201,33.96855022297935,-2.5751507612120395
468,expert,34.21255199859804,29.22811609603964,1.4905572048758817
469,expert,30.55444361843711,20.443398882399396,-0.5985059864314092
470,expert,38.27435070351493,25.471751673435463,-0.6849603801663632
471,expert,41.27409335011044,10.254283959827523,1.9342378821947683
472,expert,29.136499892014797,26.94543346827955,-0.9573476207739611
473,expert,57.63815877872118,-5.135066978032723,1.911618941343756
474,expert,34.210276189890585,16.345632003754112,0.02676523672319841
475,expert,33.996016578546445,21.869793041693484,0.3947969682920997
476,expert,46.64437642584958,11.03381307471964,-1.549628793012133
477,expert,39.924534081298205,25.26959479454157,-1.4939184494860254
478,expert,35.191927603608505,31.74422503714457,-0.24581913786254167
479,expert,33.88200239135039,31.86425925633166,-1.819452388722017
480,expert,55.31570642474963,9.404138720498326,0.22484294770596785
481,expert,47.16103979173382,6.336334661157697,-0.49468644818889684
482,expert,40.17318958903747,32.194596890686746,-0.957245037410763
483,expert,36.45616227261735,29.82247352522534,-1.5747069696912557
484,expert,33.7643051721241,24.35777306767618,-2.8744040144654517
484,special,54.25230777745339,8.355039183812178,-1.170175090083782
485,expert,53.910597372962265,5.304134671378631,-0.9034715271752908
486,expert,42.10532377775354,29.62881939480911,-1.001246681619609
486,special,57.63781044094745,21.268311943574318,2.0789779832299264
487,expert,37.260228770610205,30.360304306973493,-2.8743148084512153
487,special,38.53848364192422,33.70714497281986,-1.2329331696275239
488,expert,52.57600687681446,18.614675402835086,-1.3540201118570556
489,expert,55.121904943782155,4.7377440637690205,-2.3108684643314903
490,expert,28.76601478959718,27.1037222623646,-1.6392488875812536
491,expert,35.45583519835671,32.24587818560895,-1.7313413749106712
492,expert,48.003114207275345,21.27355133730366,-2.0665352767167344
493,expert,49.78802864233544,10.41807036224752,-1.260062815532457
494,expert,42.50558212645967,14.869260831205258,-1.0026998290947609
495,expert,36.10362120655475,27.277694139611892,-1.1976160468522938
496,expert,34.236827419350334,28.616632270057263,-0.26099300471558556
497,expert,33.10268498101956,29.81481737873364,-1.3041780943268289
498,expert,38.61497386553191,17.501699988710417,-0.6607785428299559
499,expert,38.2129787277472,19.652129003121466,-0.7767031714790814
500,expert,34.24533124088419,30.987679915612652,-1.6293500052075907
501,expert,38.608891838040286,26.433299183709124,1.0506229176872712
503,expert,38.71524299814064,22.537409424674014,-0.5959999586046321